430
21967
-1388
22088
22103
15958
28368
-425
7902
6908
12721
3972
13115
25205
201
11848
609
-983
28489
2102
24603
23113
21388
3863
25682
3637
10461
23142
964
15195
23859
23971
895
14670
27613
25438
12193
317
252
18712
-1280
19962
25867
20234
11191
28142
26455
-1926
25790
29201
3115
17167
1822
14122
894
-1004
26990
28347
1917
15737
26719
14547
11258
12821
3838
7835
15944
1703
19399
29574
13690
6357
17315
20456
17595
26158
25269
29901
16250
-787
16190
6422
6114
14074
19741
29482
7793
7074
11646
26119
22762
3647
16656
24251
29758
9067
11456
9319
965
9241
7262
15320
23481
6333
23427
12439
26532
4584
19595
-1285
11611
-453
3922
4917
15005
14445
4759
14269
18954
12748
16072
19111
508
6271
15735
19324
20385
26367
2537
23040
19982
3212
25830
4438
12425
18219
14922
24839
12120
1910
6003
158
16913
29255
12
8530
18597
1899
29680
21578
13299
23472
21817
13444
7540
10766
23209
16256
27142
6331
27667
1807
29128
13325
23539
20116
19246
6519
12239
23610
22194
20936
26901
8691
3499
3996
27383
10120
8085
12578
13012
28247
22869
9525
13693
17396
22864
19147
17202
23667
10279
24577
11024
16320
-580
16910
26213
17914
23820
29553
14162
7963
1049
-581
29423
29476
3523
29230
21738
6052
18983
10247
21829
20925
27683
1736
9370
12461
-146
18484
17528
-1315
18456
17407
8275
6194
319
11378
12932
2960
23198
24647
24444
6412
-1124
5742
5502
23114
-462
13503
11991
22658
16788
27168
14747
-1850
20737
25010
21792
3302
-107
10510
5519
6959
20663
1143
7765
18480
14588
11883
25994
5883
5741
6100
24581
25825
28514
8684
16934
21659
13911
12288
8931
19855
-1873
5489
13406
23698
23401
718
7335
16028
-1217
10154
26897
6558
18086
18792
8173
12377
8874
18829
24053
21926
26827
22648
2738
15984
20716
21562
20014
20955
15690
15431
23029
11180
5717
19377
2498
20667
3772
17618
27704
3304
14181
27247
-819
23199
4522
19415
11568
28340
6551
11183
13704
11559
-464
8329
20066
19590
25000
26928
1398
17972
6836
29401
11677
19527
25091
-1720
5382
19315
8649
6619
20358
28572
11160
24559
2534
12991
21767
2990
5388
28639
26944
3898
7163
24783
13266
5961
24449
2743
5757
17025
13737
-92
290
-556
5862
3683
10461
28656
11603
12105
-1176
19141
-1200
28453
21390
22117
2332
25468
12326
14844
18401
4561
23049
26319
28873
24891
24240
10245
14431
18093
25308
2744
22249
4192
21042
2280
1436
22906
13568
10078
17448
21551
19034
28654
9520
29044
6393
11513
19003
2353
4699
11274
23324
22387
-842
15228
20230
24983
19497
11021
5727
16750
1071
25457
8173
15035
26677
26506
25690
3976
1804
5063
26425
-1863
6136
15674
16161
23201
22353
23283
27308
-1643
1986
10638
7530
23602
12529
-491
5431
26685
17873
248
2572
26944
4321
4329
15656
8232
13617
7137
14900
24597
6517
19779
19158
28032
26551
28115
14053
227
4481
17013
12567
4783
2040
5157
9290
2674
12201
7918
7637
501
22226
14229
26170
12356
21987
19610
22161
16185
27718
27151
15189
443
17294
27755
21367
24324
23331
8593
21754
15406
-571
24376
28942
23372
3475
5675
15821
22229
1303
13150
21856
24601
3801
27888
28292
8210
6448
-187
2492
24661
20006
28101
14201
281
3558
15099
18900
-1145
3772
24581
3038
28431
6422
21875
29651
22633
17507
25003
18803
3155
27005
-1746
24487
28458
17552
19302
25073
13856
14028
25012
-268
5897
3994
7958
25930
-282
23654
10794
12920
305
18543
22424
20519
2939
274
28348
8350
15554
18198
4444
27512
25069
23618
10461
29170
27277
9381
23768
25111
23704
3838
28906
9982
17295
12200
2853
3771
9320
4768
4202
17687
-1523
15126
15639
2881
21194
2274
29111
-593
24791
12431
6737
27646
29763
8578
3890
4470
-1520
21957
5527
27089
23647
753
-953
5122
-735
10768
8317
10642
1756
18860
25897
22668
464
-1958
5421
24542
24937
5817
17986
1688
5225
11105
26049
29208
14998
24112
4579
7018
17163
27744
2917
13027
18750
16723
13055
16328
10801
3498
18317
18947
14679
11673
15232
14817
19784
20906
23463
24881
22326
28323
28815
8166
-475
1007
22894
9564
16807
-750
22716
28596
19553
16874
6427
20632
14500
26556
21993
28705
381
12382
15150
9880
12410
-1331
20564
19460
26488
11192
27598
22388
1779
5651
21771
15466
2362
20363
24955
21797
4115
22213
-132
8845
18529
21637
29552
1980
28819
963
14442
14635
19825
6595
26405
1116
28913
19274
17656
12293
22072
6122
4092
15785
13116
11170
15211
15488
16120
1004
10429
2254
24285
13419
12664
17185
27849
3500
25123
24133
29730
13672
10469
17691
20991
13032
28527
29863
22810
-1273
20413
3687
8539
2941
26644
9517
13029
5290
26541
18674
20272
28834
22833
27307
4588
4272
20373
18565
21681
18940
3730
28016
16088
760
16352
22047
26464
-975
27544
21335
19922
22929
12647
1566
20083
26995
18691
-1233
9685
2498
9813
25704
29317
18660
2602
15116
29841
1880
25598
909
8605
16470
8361
23171
27960
12442
9269
4163
25281
15949
6173
19220
29093
20414
29106
2101
4704
20501
19970
19764
15826
14613
28429
5990
1696
27870
29528
22146
24825
16420
20138
13640
9848
28602
2324
24071
24316
16621
-1976
-1676
10174
26311
15219
10919
3897
13146
2394
817
10806
7821
25568
7189
7162
10809
13056
11469
28729
28482
4741
15720
18124
23740
16941
22048
4371
432
9253
7411
12596
3724
17787
5574
27479
9999
16498
3043
5205
3908
2644
3539
28042
11694
3397
17076
10328
25263
24242
18957
5221
21580
4236
24460
23529
19421
19358
27075
973
26787
24330
3206
15650
27026
15480
25941
18979
23240
18528
15613
14071
7810
18381
8082
11308
17019
25277
25392
21961
22727
11426
17745
14962
10400
4378
15673
22312
2627
18876
2173
17697
24321
5287
5103
24132
22875
23220
24822
16520
23941
1744
-414
18071
27848
24913
4002
5253
27072
15729
29927
27915
22916
14799
22052
-593
15662
19598
1622
6466
6453
6809
21794
6634
3531
15566
10872
21076
5036
22448
8106
20005
3133
4176
26478
10120
-379
17574
4533
26317
27321
15363
26401
21897
26791
20752
3325
29775
22416
14152
10081
135
25119
18322
3702
8
22068
20117
9390
1437
3138
23706
29254
21564
1554
17662
721
13258
4434
27370
6172
10524
5102
21674
3856
4120
21116
11432
14733
5574
9385
13619
29470
1295
2002
8829
20745
8460
16801
2819
27321
20663
28779
7712
1811
-187
4911
17563
18245
2533
22564
19553
25682
25543
23657
8951
13097
10896
15109
-1444
199
15272
17074
9980
25268
16295
28528
15188
19566
4132
10756
24996
3951
-909
5806
27334
287
16375
26911
14221
24073
27198
9030
7480
19791
5241
3358
10546
14369
19156
8838
-709
6695
12021
10968
22744
4091
23146
5614
19382
24701
2743
16434
5789
22972
6732
5481
7217
22526
13437
4522
20035
15158
14845
15540
7094
20886
12596
14063
20345
8446
11048
19686
23588
27716
23075
9708
12076
21696
15274
10119
7563
24076
16835
27855
2291
20845
6724
-1229
18325
20394
29042
21365
5574
21587
11060
5990
10028
1461
28204
25214
25228
2190
9538
7170
18993
2676
8222
29455
13793
21346
3734
18251
29289
26933
15611
11656
7117
22905
4492
17253
28213
12529
13628
23713
6813
-1961
21
17001
17409
22208
29561
7453
19419
20073
20025
24737
4945
5908
15420
11968
14330
13607
27972
11866
12763
28009
6966
4359
18598
26361
7411
9310
16047
28230
-1010
7531
2020
13174
14684
20945
5457
6965
-118
1655
1696
905
3018
6340
7951
7272
2067
27699
17685
21673
13320
9443
8419
22745
19656
-1112
19856
28516
11381
6796
4359
-128
26576
5877
18292
2057
12598
19381
12050
22253
5559
19634
9804
1416
27230
17193
2346
7320
12183
10748
26584
21445
4549
13721
29882
10888
5736
22402
9279
25068
4699
-1732
13248
2662
10553
27997
2768
25840
14418
59
25746
6845
24993
17761
29258
10979
8269
3190
19574
6135
2401
18250
4638
15958
25656
23174
15333
849
7756
7231
9951
4613
1979
20590
18752
8741
17239
-1687
28445
27007
14313
18568
-411
28139
592
-1844
928
8194
23590
-1291
9624
1397
29455
24590
15832
10183
26709
6949
5900
7221
9171
17034
5566
27273
26675
1332
5586
11128
5894
57
14776
28685
5881
26505
23883
26789
10735
5068
15480
12502
27067
23069
2754
14445
23639
20103
22509
-451
5806
1451
26403
25818
1980
9347
4863
11876
5074
24286
9117
4401
26748
-1828
24812
14076
-1031
-582
19663
3576
17875
883
10914
23517
29848
10113
22118
14460
1549
22304
17981
8506
23181
11297
13269
4449
19522
17368
23521
14255
29376
13098
26153
-1959
14112
9328
10393
21481
9788
-1469
3386
10851
5480
8447
14250
2398
17793
10407
19694
19431
9034
15114
18711
26855
26031
23731
21589
5631
18223
17286
943
18545
19116
17305
253
11918
3806
12349
17763
13969
24502
3358
12166
3031
15724
9130
-199
27495
5025
27337
11820
25646
23910
-1042
-785
15786
-1131
19889
28683
15369
26504
9122
-171
25824
24693
-1679
8689
25526
16607
23304
3913
13532
138
26803
21441
21440
13207
13875
23160
18640
12651
21449
2373
4887
5254
11172
14356
14186
5190
17792
21323
23520
24558
22438
9561
17735
20824
8122
11889
24601
17099
11719
19515
24049
20553
8344
19785
19324
8502
-730
10407
14461
24898
3708
23689
13204
27717
18055
13934
2320
23434
-190
10208
9038
28683
28540
5014
17176
25539
8663
14091
20852
-1449
-1015
4762
26826
17273
3249
29275
27339
1573
17809
26070
7209
23023
21100
28001
23157
3122
20947
26561
3761
3936
19716
24814
14019
13744
15602
11524
29571
-543
9777
19860
10237
4072
3691
24390
17514
25723
-1574
10247
26889
29905
17011
17890
-215
12950
25873
2687
8448
20933
-898
5893
15762
23989
7851
20850
8822
27975
29494
1656
18594
7836
26551
17608
26686
20683
28009
6878
15015
17872
24640
16581
19953
14932
7932
3071
25439
-1365
2494
20355
10235
24361
17541
2472
20324
27994
26368
20264
19241
22214
16863
7105
12703
29433
26659
15420
8188
16924
29693
27327
-768
24782
21465
-1515
18215
4773
11023
21508
10751
8371
9130
23759
14413
17697
28349
12343
14807
-1053
3549
-320
-477
6051
20509
9413
25674
13088
16921
19983
9357
4426
12096
10504
28797
17239
25177
24090
29986
26647
20631
-623
28943
26442
369
17376
13364
25513
11005
14446
13201
9283
29179
17870
7405
-1311
8391
2916
9285
6995
4933
18809
23243
2892
9519
3682
-43
17932
15480
26426
14251
-37
6413
8940
14790
-343
19395
22938
27713
24600
6954
23771
27542
17155
19652
21598
27538
6998
20150
311
8339
1173
10409
-924
17759
25090
1755
11291
12795
7627
3953
13006
5913
15819
4809
6217
25915
10550
-221
20870
-1693
25269
9131
9179
-1952
15950
18717
19542
17055
13374
433
6612
24243
-1350
12379
20939
5588
11936
7648
4664
9100
12286
18758
3831
1276
7678
26727
24957
19739
13111
18895
23013
14396
14810
-1261
21810
5073
17615
10079
12050
13696
14804
22918
9126
22611
28662
13891
2602
26431
23619
16229
12595
27048
7704
-1059
2263
-1454
767
29853
1335
20775
14219
10421
24514
10997
7021
17329
2906
18253
5351
14899
-980
13207
22550
26778
25288
11529
28507
10107
11533
16251
20899
2415
-769
17091
860
21266
18925
7470
9783
961
16306
11920
23872
11703
8700
5964
-1860
17925
20825
8243
24239
-120
8734
18058
-614
25258
16876
-1048
15529
4064
9088
16277
-1809
3983
13896
5625
3369
11853
18673
-1077
18588
5655
6477
1362
16749
26896
22714
29202
16994
19823
3408
7944
17623
1428
17865
20150
3158
28832
29119
14034
21368
1004
22460
18203
12259
16246
11735
27610
2370
16316
19048
25042
26541
17695
27214
7805
18101
5600
2321
18446
15281
7179
-643
3506
-253
12524
15256
5637
19227
23575
22918
19348
1860
18311
24360
5889
3300
7912
28210
21745
24566
-1497
3070
9680
12326
23598
8193
8394
13344
3159
1587
28700
14157
25116
5370
12734
23562
4227
20789
12727
9372
23059
29102
12703
7650
1441
795
1813
20210
7758
11614
4678
2925
12027
29875
1802
25809
23400
18765
17750
24428
18626
4139
23122
23987
19881
6083
18753
23437
20330
27122
26806
29162
8509
7890
11798
11077
28142
6277
22773
27065
24669
27687
6369
3081
16424
2860
7431
18362
24292
21910
7607
24884
22296
18272
28669
9341
3627
16465
27930
21281
12815
11536
-504
23363
23826
27833
17252
4857
25513
4998
13472
19446
-231
4936
14205
27062
24992
22243
1492
616
8666
1669
15711
16057
18822
1534
18963
23506
4719
19256
16877
12267
8439
689
23048
-1544
16982
5165
-1439
17579
21475
7015
20530
-1971
14809
2335
26526
26438
21573
-566
13452
24394
14216
16045
4081
22948
-767
6752
19024
22946
16848
27515
27772
5851
-1208
3736
19596
26441
23840
6205
3021
4397
12621
27102
6781
12858
14870
2056
11472
13094
364
14162
23225
1316
27709
22076
23518
8903
7232
27336
21894
14456
3496
-532
9264
5695
-527
-488
20686
29477
-357
20789
22227
-1421
13619
3789
18894
3898
16318
21919
23022
4865
12106
-382
25811
6815
6105
4332
6874
3157
13997
27106
1237
12332
23013
9988
11777
19200
9739
20465
29695
2103
7607
-1682
22423
11333
1338
24580
15013
7302
14372
-1525
21239
19697
11301
29083
22908
1572
20572
17306
23458
21930
-885
29513
14609
-984
26319
29704
6891
2722
14764
4618
22685
6064
11920
5191
5328
-947
-1509
28796
18441
15628
27383
4187
27169
603
13489
2367
2431
27810
-643
10825
11872
26381
-34
-555
-1236
8538
19316
26575
2666
-444
3045
-45
16339
24756
26741
24584
11819
25449
16502
29076
28615
2665
3931
19765
13933
18189
20966
-1693
13834
24195
16653
2735
1262
1328
23144
28416
185
22472
10812
7272
11467
226
22071
8163
27998
-1086
28364
22812
21564
17047
-88
14005
24518
19401
25526
454
20998
23065
13708
27230
15799
6767
12660
798
1230
-1089
8916
12153
29713
7343
2484
21066
18955
16981
1668
27623
21544
7262
14419
8493
-1352
24191
13936
14561
20240
13407
-1472
3384
122
24068
5899
12548
18809
23889
3157
199
28443
26526
10255
5678
23590
10291
4766
1279
15629
7847
5749
610
6126
8896
20909
9966
14354
6476
